[[6.668130827328461, 0.9129708741398079], [1]]
[[3.393614659628362, 9.296694925980848], [0]]
[[6.29388093328166, 2.8973259876233026], [1]]
[[9.150110675531709, 4.055315065736672], [1]]
[[7.755807499506659, 5.562942697531646], [1]]
[[4.22667600722756, 7.1456473351950045], [0]]
[[0.25800934674704123, 3.9743414756929365], [0]]
[[9.822203926300325, 4.071559795855862], [1]]
[[7.268041508537957, 3.7876430608626976], [1]]
[[4.77884329136756, 9.221015890961027], [0]]
[[2.1965962311411555, 8.339553790701238], [0]]
[[9.152774267256461, 4.618929203856861], [1]]
[[8.307857307030671, 3.7080300565014324], [1]]
[[0.11674461752743004, 7.442823770225656], [0]]
[[6.7210098887348195, 2.5306688863321547], [1]]
[[6.626292670275893, 3.3650619662903827], [1]]
[[0.45428874145265197, 3.5122492113189208], [0]]
[[7.568079097060948, 1.039970841210297], [1]]
[[4.149351920605378, 9.996721275215119], [0]]
[[3.764953955054099, 9.043867951612182], [0]]
[[6.459456806516394, 3.0110364841948254], [1]]
[[7.172244677028253, 0.568619082052152], [1]]
[[6.395278322998488, 4.360335308621207], [1]]
[[2.2190231694392573, 7.932264073607582], [0]]
[[0.45228859487727147, 7.714488555986087], [0]]
[[2.2763584838654696, 9.678813312278326], [0]]
[[5.2922919486120845, 8.470437582185873], [0]]
[[6.551759342114232, 8.724652419599908], [0]]
[[5.414687169482648, 9.153096222381464], [0]]
[[5.218241994312939, 9.208588946157917], [0]]
[[2.098512558775263, 5.028170226358971], [0]]
[[6.944525182350657, 0.1784648391611332], [1]]
[[4.4871579752014865, 1.4941864481920197], [1]]
[[0.4902421605718976, 6.383675602323202], [0]]
[[3.5259292194555467, 9.930677340493956], [0]]
[[6.374353523674775, 1.3421944106067574], [1]]
[[0.641282987419608, 4.216988085874377], [0]]
[[4.065138575463445, 1.275097682047005], [1]]
[[4.804620651313631, 6.947298378557612], [0]]
[[5.716702278449181, 9.828908734345829], [0]]
[[4.908432828437956, 1.9552275138133623], [1]]
[[2.4294864383714563, 6.067749701018354], [0]]
[[1.3609604279241472, 8.888985318384972], [0]]
[[1.2057324541323544, 7.438535215631406], [0]]
[[4.290264265656818, 7.39566472123779], [0]]
[[1.408501045848104, 8.42844535876413], [0]]
[[2.088523757075257, 8.48892818944615], [0]]
[[2.7589024792106356, 0.7541941302421751], [1]]
[[4.807890559012811, 2.0906806804880773], [1]]
[[9.870540410019098, 4.451699308654659], [1]]
[[3.3612625084208805, 1.2301784020253737], [1]]
[[2.6454242396237406, 9.966759530043397], [0]]
[[4.230982171044709, 6.553147591604166], [0]]
[[9.56522321832139, 7.254064195750791], [1]]
[[0.5718046052128223, 2.997717465600288], [0]]
[[2.567565901602511, 5.967002795420059], [0]]
[[4.620375618541734, 2.225654552155809], [1]]
[[4.309719881888601, 9.017780656019484], [0]]
[[3.282395467052922, 6.626431140623996], [0]]
[[9.808594463501876, 2.595805853719164], [1]]
[[3.3228555175372696, 6.544464527434171], [0]]
[[9.274800767408289, 1.9514333412585483], [1]]
[[8.734762110681142, 1.4086035216709003], [1]]
[[0.7519455808720088, 3.2964165343292873], [0]]
[[4.681036483628034, 2.1179711818401783], [1]]
[[9.354628681935658, 0.571050557478272], [1]]
[[4.698273012827486, 7.39178309947229], [0]]
[[0.8948173425447803, 8.6195887342277], [0]]
[[1.7443588271438415, 4.237810300496335], [0]]
[[7.584162124355784, 1.4258011960898787], [1]]
[[8.194660066352697, 1.069632746019732], [1]]
[[2.790927006300615, 9.546391390994756], [0]]
[[4.854900941227949, 1.947095261645314], [1]]
[[0.2989076105608113, 6.558709267999191], [0]]
[[9.112615917877786, 5.815011637760468], [1]]
[[2.7533596180346285, 7.278741615385068], [0]]
[[0.8867018628079715, 3.461453371919215], [0]]
[[5.655368248345242, 3.368185594319011], [1]]
[[3.0336875659543825, 5.5013307592985345], [0]]
[[7.302691336046893, 2.8904553421709878], [1]]
[[3.14255843323064, 9.911103579470579], [0]]
[[1.3525886279914312, 4.970189860023209], [0]]
[[3.616315023976534, 6.065685232841135], [0]]
[[4.021841806805105, 7.949888642237854], [0]]
[[0.4488768251085451, 4.835661256493341], [0]]
[[7.633982465508221, 0.2635868073781067], [1]]
[[1.5321416669978583, 7.567639817779854], [0]]
[[9.775378677586865, 3.800714539566752], [1]]
[[8.785791475125395, 0.20112258202075295], [1]]
[[7.058100192673065, 5.030520940619811], [1]]
[[6.3474791070803125, 3.195398807398796], [1]]
[[6.747323539991681, 3.9584975630610386], [1]]
[[3.2623031550142203, 6.844148286817829], [0]]
[[6.47278044143527, 4.180028872995233], [1]]
[[4.390608420946988, 0.0071805626202947614], [1]]
[[3.1451779565762426, 0.25495381535095896], [1]]
[[6.7927090397414736, 3.140128410369807], [1]]
[[9.445860058223266, 1.2915311797317641], [1]]
[[1.7159479986936466, 3.9416331570656107], [0]]
[[5.526241267434138, 9.096887967124157], [0]]
[[0.9200619651643083, 4.152894916217749], [0]]
[[1.6944358174830065, 4.024644429311968], [0]]
[[7.6388389882432985, 9.776582349484444], [0]]
[[9.44564834283294, 3.0001727087636807], [1]]
[[1.4061929010653473, 6.306787613545976], [0]]
[[0.6357963413243861, 5.975599085827751], [0]]
[[1.129176041433524, 3.619636742451827], [0]]
[[9.915695246959139, 4.135216282296275], [1]]
[[7.745913942055662, 0.7170343466457518], [1]]
[[9.006443912408638, 3.5420625824334353], [1]]
[[8.58718382910832, 4.040736112934466], [1]]
[[4.645503367184542, 6.9268537773296215], [0]]
[[2.919882528762794, 5.243849311586438], [0]]
[[5.903723566768061, 3.1152051908553355], [1]]
[[7.854098704462644, 4.932704529468238], [1]]
[[2.9539078076490997, 0.8452301012210883], [1]]
[[1.7472747152230128, 4.795600085356158], [0]]
[[6.863339355872363, 2.2864879437845618], [1]]
[[6.508284030166953, 3.8045458861013683], [1]]
[[8.190800779631017, 0.9251013182292489], [1]]
[[6.044497902575103, 3.5420042813206987], [1]]
[[4.921828849098123, 8.001737672574091], [0]]
[[8.817961106734613, 4.061583708762519], [1]]
[[1.9824688948935376, 5.350296679039096], [0]]
[[1.7719897673860063, 8.87478913608219], [0]]
[[4.590484544398931, 8.85121278628702], [0]]
[[4.944018937736818, 8.092931079624943], [0]]
[[2.7448901238653223, 9.3490288075438], [0]]
[[8.348705825894472, 2.00635763432939], [1]]
[[7.581511462270457, 0.5707622333096074], [1]]
[[0.3794457022952513, 4.330611479292107], [0]]
[[3.5486527832567214, 0.047120071814434894], [1]]
[[7.637076844233416, 2.1278041765095015], [1]]
[[6.147119531332621, 0.6115869191054835], [1]]
[[4.844385205630962, 1.841782455275086], [1]]
[[0.203724886257739, 8.102149738476148], [0]]
[[9.322002097866964, 5.641150002905794], [1]]
[[0.03622597184808951, 7.9570783520550314], [0]]
[[0.29399263752495464, 4.810495767043158], [0]]
[[2.178431324188269, 4.764480084144047], [0]]
[[3.6206797866611593, 0.4791048271390108], [1]]
[[9.354863781422848, 2.3119694503649146], [1]]
[[7.3975680938600625, 1.7282982088714582], [1]]
[[6.830705723879909, 2.593708672014939], [1]]
[[7.842130262892697, 1.4240572322986278], [1]]
[[0.24016373224732157, 5.676155139983328], [0]]
[[5.984005992208436, 9.752206544378774], [0]]
[[6.946350030334526, 0.49829914957389976], [1]]
[[8.860985985297315, 1.2802775035600256], [1]]
[[1.794790783399709, 4.73589225868796], [0]]
[[9.966810004436844, 5.467613594847704], [1]]
[[2.2444385807274636, 6.542943143518648], [0]]
[[5.295132098256273, 3.203751565948465], [1]]
[[2.4397887424469, 7.553789733939352], [0]]
[[3.4112175260336897, 9.31780200860852], [0]]
[[0.7735439063662641, 5.6339363376890645], [0]]
[[2.991734555917076, 8.031859060830275], [0]]
[[3.755986485501186, 7.909201200040434], [0]]
[[3.8573747035225017, 8.452820540537367], [0]]
[[5.950406408525099, 3.3854393454473417], [1]]
[[2.4338151620979867, 8.680366152184769], [0]]
[[7.743858685055613, 2.8105340106371433], [1]]
[[0.9319786884365, 9.24497054832157], [0]]
[[0.8072985843365255, 6.008253139948653], [0]]
[[0.6870046642759375, 6.143530640456913], [0]]
[[3.859052406219571, 1.5757015209593994], [1]]
[[0.8731205106623285, 6.804808880960441], [0]]
[[6.676803109492444, 1.9019532021089902], [1]]
[[0.45214723675503166, 7.8013357825844025], [0]]
[[5.819420488605339, 7.916267561118547], [0]]
[[7.964770620349849, 3.2904890702501244], [1]]
[[9.890770092635865, 3.4424326180710896], [1]]
[[9.558985205289467, 0.3093058037561591], [1]]
[[5.37944741447328, 8.08317973158738], [0]]
[[1.4895894960791634, 6.729909485416617], [0]]
[[0.5478956626220954, 6.9364669869539375], [0]]
[[6.3965790832036955, 0.49325978143559435], [1]]
[[3.904532828258729, 6.5232221366122465], [0]]
[[8.67401700306823, 3.439712806490122], [1]]
[[4.673183326852324, 8.906664846759876], [0]]
[[5.553217214058815, 7.766667055323034], [0]]
[[0.19524933071068729, 7.448393538132358], [0]]
[[2.8464324387454845, 8.249594966408223], [0]]
[[2.6577147081204777, 7.884166641540263], [0]]
[[2.0731769690211244, 8.725008320656945], [0]]
[[1.6406606303060267, 7.2551633510150095], [0]]
[[7.080131770078445, 2.4376934683521725], [1]]
[[3.207285773544398, 8.752298505827357], [0]]
[[6.926811388119996, 4.900664910401296], [1]]
[[0.7268968360880546, 7.2033154154450045], [0]]
[[6.17734314436321, 9.416901581646854], [0]]
[[4.350836361373984, 9.08031986203002], [0]]
[[3.7120358089543393, 8.273706966592208], [0]]
[[0.6447218954419098, 5.400425701566455], [0]]
[[8.258002022446888, 2.803710163508052], [1]]
[[9.700398815984514, 4.478883136310837], [1]]
[[2.003837268594099, 4.149129596599417], [0]]
[[9.193576160379886, 3.231768633230364], [1]]
[[8.401650194704555, 3.5385236200699577], [1]]
[[0.26694241649677264, 9.020286261927797], [0]]
[[9.678302914507732, 0.10069861888965081], [1]]
[[0.5819205477846223, 9.795839164703395], [0]]
[[2.6908244567926163, 9.373229675605339], [0]]
[[2.7584976632126024, 8.196166423026165], [0]]
[[8.528917912857754, 6.427158226103788], [1]]
[[1.6199308606965468, 7.575732275576991], [0]]
[[4.0889283567046855, 6.532409488796429], [0]]
[[6.976192665582849, 3.7466041984016596], [1]]
[[6.561645523840205, 9.815300075965858], [0]]
[[3.983781293900528, 8.783291317464927], [0]]
[[9.837939409763097, 4.815780783272387], [1]]
[[2.79452098260224, 5.018609908993622], [0]]
[[4.892728286006518, 2.334337924141401], [1]]
[[7.104029348491513, 9.472188791164017], [0]]
[[3.2975019665188654, 0.3077237494184726], [1]]
[[4.837423143968512, 1.826041947666046], [1]]
[[7.040336228148264, 4.144361130348364], [1]]
[[6.825710828186597, 0.7878547764334365], [1]]
[[5.083127494148445, 8.414645784830471], [0]]
[[5.1604800518613985, 2.643765950733968], [1]]
[[4.624908599933994, 8.630824809962748], [0]]
[[3.067072126506071, 9.678194239002245], [0]]
[[0.9874986102049554, 6.084867100602679], [0]]
[[7.1965067365175015, 1.834700220855462], [1]]
[[0.5471165000190203, 6.644506032977518], [0]]
[[0.8517553935948241, 4.378748035815833], [0]]
[[6.75316717846022, 4.022952588555178], [1]]
[[8.88370729581013, 2.0166326045068548], [1]]
[[4.612333370379485, 2.1303272857076063], [1]]
[[9.702267239437868, 5.0303367963922945], [1]]
[[1.134333881648566, 3.468916447405549], [0]]
[[1.3800898106500092, 6.34728873379129], [0]]
[[0.26719442287170714, 9.62479655773974], [0]]
[[1.4501214656526584, 9.692289936348368], [0]]
[[8.152208278196985, 0.8480474953985973], [1]]
[[9.349315517035679, 5.736428295560173], [1]]
[[9.1149647203464, 3.2637397438453117], [1]]
[[3.7411504455821323, 7.670236379547645], [0]]
[[7.105669398958336, 3.8710170827259405], [1]]
[[0.3589846756500714, 2.817668611661801], [0]]
[[5.205123848570197, 2.522792237379725], [1]]
[[8.785634392483848, 5.9270162991898125], [1]]
[[8.548580439777394, 2.4621896389433218], [1]]
[[7.608059567300504, 2.009354588035107], [1]]
[[9.527715302997139, 6.146793257641752], [1]]
[[6.932921471433728, 3.1395861116339674], [1]]
[[1.4040340763943904, 6.511416383012634], [0]]
[[7.613762397246919, 2.482544962833131], [1]]
[[7.20610376535576, 9.700475264844435], [0]]
[[5.085431032890489, 7.4920628370397395], [0]]
[[1.5017395571605952, 8.530637071446975], [0]]
[[6.458530195222747, 3.4854429900154527], [1]]
[[0.20706320097892084, 4.185486202292676], [0]]
[[6.307052719140277, 0.07618815420516234], [1]]
[[0.2041065690629451, 5.712957914935831], [0]]
[[8.133343164940882, 5.453831426630249], [1]]
[[7.180009145152026, 2.197049953629584], [1]]
[[5.889010731024641, 3.494589988612656], [1]]
[[9.049726063863623, 2.356767601006001], [1]]
[[7.55514387752644, 4.352110050745765], [1]]
[[7.091049424147484, 1.5613103833323605], [1]]
[[3.1801522741458275, 9.21684272934288], [0]]
[[9.486461933518507, 0.21935652649329507], [1]]
[[5.780859696377485, 1.496162704267976], [1]]
[[7.7208938456890035, 4.826404125955372], [1]]
[[1.624441563732253, 6.695616997160449], [0]]
[[1.7191688053023124, 9.804256607312054], [0]]
[[7.596867233192723, 1.315083941951255], [1]]
[[8.162146637444504, 5.883667739733985], [1]]
[[2.726174634133688, 5.3917040843087785], [0]]
[[0.8478471717385327, 9.740931764366783], [0]]
[[7.4577411903758435, 2.792388810340692], [1]]
[[0.4150728973629503, 3.0197014492370733], [0]]
[[6.889068765146014, 1.8675714804385812], [1]]
[[2.93463610565463, 0.5908876668323948], [1]]
[[9.405358507385397, 1.549722360912562], [1]]
[[0.6975411734273473, 6.897089708983532], [0]]
[[0.18914646171784177, 9.969355533810237], [0]]
[[6.618624628916968, 3.848590157167698], [1]]
[[3.4217661573207225, 9.288911296299391], [0]]
[[3.751156685893282, 9.837242545084043], [0]]
[[9.93763905078344, 4.539033632466964], [1]]
[[2.267590614494801, 5.932645585061675], [0]]
[[0.15251796529380135, 9.363362949362536], [0]]
[[9.83778288804673, 1.2397604163574083], [1]]
[[1.3777318943696637, 9.171020692212212], [0]]
[[0.7225119845292183, 3.89878277188748], [0]]
[[5.800632051165788, 1.6343669021281004], [1]]
[[5.552809758656425, 8.956569148021371], [0]]
[[0.1705418015324589, 6.205786368897933], [0]]
[[4.601158761975569, 6.925971761897191], [0]]
[[0.3320932186215475, 3.5285803481996325], [0]]
[[9.926926809497543, 6.369950058424435], [1]]
[[9.034612694318971, 4.324846486355012], [1]]
[[6.522140062688882, 4.349573892143601], [1]]
[[2.6350832959648818, 9.13668548695169], [0]]
[[3.271495392356604, 7.459875063936048], [0]]
[[3.4906112962401528, 0.3873525260808308], [1]]
[[0.40026823822270297, 7.464692754435411], [0]]
[[0.5517858025352684, 5.567114084499202], [0]]
[[7.205545612645169, 0.9595083583798525], [1]]
[[3.194883674534154, 6.386783236277478], [0]]
[[1.8261038672492846, 6.927034470684836], [0]]
[[9.766612642584189, 6.0337416462093785], [1]]
[[8.859539137703777, 1.6465966680106303], [1]]
[[2.177942774910533, 5.4856730896043295], [0]]
[[0.3793699355215141, 6.153469310864494], [0]]
[[3.5108045482175676, 8.127644401292798], [0]]
[[1.6943268669686995, 7.029679510360096], [0]]
[[8.001122815996816, 2.234602708900727], [1]]
[[2.750689389243534, 8.381338536153088], [0]]
[[1.4385110286829739, 7.281998416800569], [0]]
[[9.904923059247352, 4.640392096822541], [1]]
[[4.712816759124824, 8.352394453484376], [0]]
[[8.571278005021679, 0.6340358231907928], [1]]
[[9.507169409828633, 0.8594956865850034], [1]]
[[1.5971538600123392, 8.91286529926825], [0]]
[[9.67584047739523, 5.921863260741259], [1]]
[[7.136742117174219, 1.4910850036795609], [1]]
[[2.482423566452474, 8.179038568210377], [0]]
[[5.982636741794796, 9.835655799033692], [0]]
[[8.208397172455077, 0.550706360773231], [1]]
[[9.986814365207334, 6.69642235109411], [1]]
[[0.8515691179944496, 5.881251101649893], [0]]
[[8.18783488465299, 5.060202288527906], [1]]
[[6.689881766982629, 0.2524242625167139], [1]]
[[1.617442352860694, 4.84209766393255], [0]]
[[1.7411666551603577, 4.217464652163408], [0]]
[[9.266117291610014, 6.051830999110263], [1]]
[[3.1368335824932947, 5.8027237440980395], [0]]
[[2.652067242545023, 6.081793382554125], [0]]
[[8.33648631256136, 1.4571268421125572], [1]]
[[9.408267883791773, 6.329619788062805], [1]]
[[1.6507904009976881, 7.18960718052342], [0]]
[[8.659417815763135, 3.661261347623058], [1]]
[[0.23706216859776696, 6.012766783567283], [0]]
[[2.4017564165196523, 5.086401738902556], [0]]
[[4.456222253617712, 2.0710494054888215], [1]]
[[4.370280176064374, 0.7381006037169746], [1]]
[[0.8597940717118913, 8.399639466578531], [0]]
[[8.059995530062565, 6.004699801149842], [1]]
[[4.590408426899414, 1.6670759014852266], [1]]
[[2.5622834022798635, 9.61911325256982], [0]]
[[1.45152780392662, 7.849210533866794], [0]]
[[9.523009442728773, 0.6582918419214978], [1]]
[[6.756356090528924, 0.3140793456155855], [1]]
[[4.325268697564169, 7.7816714081508565], [0]]
[[1.0369955912354256, 4.577686370127414], [0]]
[[3.8400614163232283, 9.878602573237572], [0]]
[[4.779141361700008, 9.688937473480925], [0]]
[[6.589630741449092, 3.5137160140534696], [1]]
[[3.6776856082452625, 9.144295250762498], [0]]
[[0.6971657616758853, 6.678823935733243], [0]]
[[4.558551854118962, 2.509589883873413], [1]]
[[9.20977095774133, 2.0538678463458537], [1]]
[[6.9923912804024475, 1.2522890172257461], [1]]
[[7.4784446446268396, 9.546546851112456], [0]]
[[0.3754560253242112, 3.899097573423388], [0]]
[[8.729972068549806, 3.7139906049730698], [1]]
[[5.837243382304033, 0.2885831110135262], [1]]
[[1.8036036496893704, 6.106387898639738], [0]]
[[0.2883235109035531, 5.722062968220884], [0]]
[[9.513071498140729, 0.9607308892803201], [1]]
[[2.4715281985657134, 0.4460564379189058], [1]]
[[5.9232309655613875, 0.985369815928614], [1]]
[[6.052631670548262, 0.11828993798649212], [1]]
[[8.34180559838029, 0.374514289073099], [1]]
[[2.5651908161424144, 4.832815600801626], [0]]
[[9.394409263720583, 3.20972417827961], [1]]
[[9.907981192486973, 7.3738467157833245], [1]]
[[9.962022725419981, 2.4395070848605105], [1]]
[[9.931474555241962, 5.4775708579599245], [1]]
[[0.9476540259663357, 5.133207734571226], [0]]
[[4.252486824743503, 6.312082703589613], [0]]
[[3.5910955737050965, 7.225954748053721], [0]]
[[0.05635971203590606, 5.598272927811917], [0]]
[[0.6694036097807288, 7.445084558350679], [0]]
[[9.750493813657307, 6.14871067025118], [1]]
[[1.3331063306720736, 9.582030144390203], [0]]
[[0.41388780789326507, 8.637430924334232], [0]]
[[1.8710561614587629, 7.272573498688687], [0]]
[[6.717850425548395, 4.452885701978683], [1]]
[[5.155342673896542, 7.4470564835808855], [0]]
[[7.983782232874814, 4.561629319401596], [1]]
[[2.957403855858102, 6.2072672521492835], [0]]
[[3.2012465984567404, 0.49319390269161434], [1]]
[[9.653704411690152, 0.45542369409457883], [1]]
[[5.548820692929254, 8.055187044533332], [0]]
[[0.013862939412427888, 8.428170586450658], [0]]
[[3.1492310850351735, 9.130510805706056], [0]]
[[4.74957410778098, 8.521128622183383], [0]]
[[4.992675518543571, 8.25905448110118], [0]]
[[7.571080058927285, 5.554458736731849], [1]]
[[2.657074819892612, 6.5976764156585155], [0]]
[[4.524577205479808, 8.518911226568433], [0]]
[[4.552905183019145, 1.855065386791841], [1]]
[[4.883822075757454, 7.049606124646522], [0]]
[[9.086259909857697, 1.1511312448733235], [1]]
[[2.846156099653335, 5.503659274651841], [0]]
[[4.487457618298276, 7.073665338893211], [0]]
[[8.354253352194572, 1.4105604344285116], [1]]
[[0.010485899411806221, 3.015780421328955], [0]]
[[5.212156626148788, 9.868241336439155], [0]]
[[0.4101842007138645, 8.332562995376492], [0]]
[[3.161053032714436, 9.249838600217519], [0]]
[[0.1915213015702233, 5.625574182859056], [0]]
[[8.305168561432065, 5.048678677102339], [1]]
[[9.216127719900213, 2.314013338127573], [1]]
[[9.98140914406298, 1.6330411025335145], [1]]
[[1.4817877340623298, 8.531861819138356], [0]]
[[0.9525984485167294, 5.4735687771644495], [0]]
[[1.4141575381730631, 9.478632088983046], [0]]
[[6.307488525835221, 1.5981372635914803], [1]]
[[2.2979337082303886, 5.127816442986418], [0]]
[[6.854044026708806, 3.789697681513897], [1]]
[[2.6856978802403217, 9.277065416512043], [0]]
[[0.730043058971086, 9.985857790559425], [0]]
[[2.215684688155153, 6.433479911469933], [0]]
[[1.0775773693677715, 9.049588117554832], [0]]
[[7.371123923168595, 0.3829251523887589], [1]]
[[8.447540291042122, 3.3866963562709804], [1]]
[[0.9288088108785431, 4.528703267087302], [0]]
[[2.24403310186023, 8.021206059447364], [0]]
[[4.2495606410395546, 0.8588767083909377], [1]]
[[9.433096155152061, 3.7083452810948945], [1]]
[[4.675716781826001, 7.716442870899352], [0]]
[[3.1068373292709484, 7.787158357683365], [0]]
[[5.832167593861524, 0.6920282665778987], [1]]
[[2.9423591459360408, 8.954605630779621], [0]]
[[5.226070654642363, 0.7785486930383512], [1]]
[[7.13487267915215, 4.367896534795538], [1]]
[[2.701801279628584, 6.585134405017334], [0]]
[[9.617331307440418, 6.421263666795873], [1]]
[[2.9273570344234257, 8.393828581544579], [0]]
[[5.186495224663345, 2.156660807841578], [1]]
[[2.2232720237638537, 6.262343193542515], [0]]
[[5.729861510767643, 8.2804168727804], [0]]
[[8.852282194946126, 3.4157045160060298], [1]]
[[2.834087917154251, 9.586066286019086], [0]]
[[6.627522905552982, 4.330416808648438], [1]]
[[7.028352128932988, 2.237519469122594], [1]]
[[5.095583329473742, 0.18593545635258057], [1]]
[[2.0058011958627606, 5.743795266588982], [0]]
[[5.248241375823644, 0.4391591483236479], [1]]
[[4.066298996094503, 0.10871470703189057], [1]]
[[7.853597553352553, 5.369746739990201], [1]]
[[5.028833706780727, 8.131703266111682], [0]]
[[1.9526671935154805, 5.2515121540936605], [0]]
[[3.820790778275417, 6.13759223603515], [0]]
[[5.006772842707764, 7.235568571534802], [0]]
[[8.05726297172871, 3.406700236775176], [1]]
[[1.2182128876113552, 7.669043587021999], [0]]
[[0.34167690848916354, 9.74980319419455], [0]]
[[6.9793443556550425, 9.317956340021738], [0]]
[[6.248129037840748, 3.7318800251116735], [1]]
[[6.390493460175712, 4.095023693073971], [1]]
[[3.885460637894318, 9.707478505096802], [0]]
[[7.922081034315644, 4.331574384048297], [1]]
[[4.103325116993508, 9.596959110880514], [0]]
[[6.538372359449221, 9.20005574939479], [0]]
[[0.6501632687002712, 6.560807770991694], [0]]
[[5.923891707779471, 9.677071355019454], [0]]
[[1.2847657464399287, 8.697616465818943], [0]]
[[6.572894700380597, 4.293472930093914], [1]]
[[2.913924827590683, 8.621535965627068], [0]]
[[8.475383419693559, 5.928451668349019], [1]]
[[9.40695182015455, 6.54996117591958], [1]]
[[5.139877771566405, 7.652217363399134], [0]]
[[1.9095931097667829, 8.98514658274902], [0]]
[[1.0522481917887794, 6.8261134471987965], [0]]
[[5.292145900060492, 0.8692776846840589], [1]]
[[5.524572207429996, 8.202286081731929], [0]]
[[2.8695455442611317, 6.609105201266894], [0]]
[[8.631115057734112, 2.696794509649265], [1]]
[[8.768499417974088, 1.07650157166014], [1]]
[[5.263967651344084, 9.70455498660064], [0]]
[[5.452909504493164, 2.4365214759191725], [1]]
[[5.7666384044063275, 8.886010908888307], [0]]
[[0.8418553809596729, 5.573597086602699], [0]]
[[3.6960184997262346, 8.493429978832395], [0]]
[[0.9112248841763637, 7.237623103135652], [0]]
[[0.9464057690020955, 8.896530777767559], [0]]
[[9.833522856766333, 1.9665432996204357], [1]]
[[8.681423130138636, 2.8266493790133715], [1]]
[[6.0169933065853325, 9.578759078881367], [0]]
[[0.38708643522589403, 7.08221602533909], [0]]
[[2.4570946466289856, 9.217526090778895], [0]]
[[3.44320307699319, 9.774625876295154], [0]]
[[2.428163235968724, 5.751523891240838], [0]]
[[8.947416715597418, 2.8883977248273194], [1]]
[[1.1019001138579965, 6.715083131849951], [0]]
[[4.23565221468436, 6.97811177848394], [0]]
[[9.723529505241817, 1.4250045985452975], [1]]
[[7.937742983167625, 4.543437517742019], [1]]
[[9.150797902956343, 1.3833114623783915], [1]]
[[0.243247186304415, 7.243535436905261], [0]]
[[0.6820122822967212, 9.115743475402974], [0]]
[[5.579445585849445, 9.724278303262352], [0]]
[[2.8623631142451487, 9.231081487585016], [0]]
[[7.641016002779082, 2.4086686268437285], [1]]